0.011
1.06
2.22
3.078
2.392
1.524
1.746
1.817
2.684
2.826
2.331
2.24
2.856
2.785
2.856
3.027
2.866
3.128
3.199
2.937
3.027
3.098
2.836
3.017
3.027
2.977
2.866
1.645
2.967
2.997
3.138
2.997
2.937
3.017
2.997
3.098
3.209
3.27
3.28
2.967
3.068
3.159
3.088
3.209
3.027
3.159
2.937
2.765
3.007
2.927
3.108
3.027
2.987
2.967
2.997
3.169
2.947
3.058
3.36
3.26
3.118
3.048
3.017
3.108
3.149
3.038
2.886
3.007
2.997
2.957
3.088
2.967
3.007
2.937
3.007
3.078
2.927
2.997
3.048
3.36
3.3
3.088
3.068
3.159
3.098
3.209
2.906
3.007
3.017
2.896
3.068
3.038
2.967
3.027
3.027
3.068
2.927
2.997
2.967
2.977
3.381
3.35
3.038
3.027
3.098
3.26
2.997
2.977
2.977
3.007
2.947
2.997
2.987
2.977
3.038
3.027
2.967
2.957
2.977
3.027
3.027
3.371
3.28
3.007
2.876
3.29
2.987
3.138
3.058
3.138
3.017
2.987
2.957
3.017
3.149
2.957
2.937
2.987
2.977
3.108
3.007
3.088
3.33
3.3
3.068
3.017
3.038
2.967
2.997
2.604
2.937
2.957
3.017
2.987
3.027
2.916
3.027
2.957
3.007
3.058
2.957
3.32
3.26
3.229
3.32
2.937
3.027
2.937
2.997
2.957
2.927
2.977
2.977
3.098
3.038
2.866
2.947
2.977
3.34
3.381
3.027
3.017
3.058
3.027
3.108
2.977
3.038
3.078
2.947
2.967
2.836
2.402
2.614
2.331
2.291
2.2
0.535
1.827
2.604
2.927
2.24
1.706
1.393
2.331
1.06
1.242
1.131
0.525
0.303
0.586
0.354
0.071
0.122
0.495
0.707
0.798
1.221
2.513
2.321
0.656
2.018
1.484
2.251
2.553
2.785
1.958
0.616
1.484
2.432
1.433
1.655
0.868
0.455
1.131
0.172
1.332
1.907
0.888
1.1
2.442
0.606
0.626
2.23
2.947
1.615
2.886
1.332
1.807
1.494
1.383
1.837
2.775
1.191
2.755
3.088
2.775
2.987
2.462
2.735
2.19
1.655
0.697
1.625
2.503
2.533
1.756
1.595
2.16
2.634
2.16
2.886
1.736
1.907
2.866
2.523
2.725
3.048
2.977
1.968
2.493
2.049
2.997
2.543
2.805
2.947
2.392
2.533
3.068
2.916
1.756
2.816
2.15
2.694
2.846
2.906
1.615
2.493
2.291
2.654
2.311
2.533
2.351
3.078
3.068
2.725
1.948
1.776
1.958
1.897
2.341
2.109
0.868
2.351
2.089
2.836
2.654
2.321
2.079
1.302
1.746
2.584
1.786
1.877
2.876
3.017
2.916
2.281
2.987
2.452
2.008
2.261
2.947
3.027
3.007
2.927
2.281
2.483
2.694
2.957
2.432
2.351
2.382
2.715
2.503
3.007
2.573
2.674
2.24
2.291
1.514
2.2
1.958
2.896
2.705
3.007
2.735
2.311
2.664
2.099
2.997
2.24
2.765
2.23
1.857
1.272
2.15
0.868
2.109
2.452
1.948
1.231
2.543
2.674
2.614
2.412
2.573
2.927
3.038
2.735
3.128
2.896
2.826
2.866
1.312
2.331
2.17
2.039
1.474
1.009
1.151
1.867
1.393
2.523
2.059
2.553
2.382
1.766
2.129
0.788
0.545
1.373
1.575
0.313
0.344
0.374
1.04
1.131
1.272
2.281
2.261
2.896
0.586
2.372
2.584
3.017
2.18
