0.278
2.046
3.654
3.912
3.694
2.145
3.138
4.309
5.659
5.044
5.342
3.177
5.342
5.639
5.282
5.302
5.58
6.235
6.096
5.659
5.441
5.6
5.401
5.759
5.222
5.421
5.441
5.5
5.62
5.322
5.361
5.361
5.52
5.421
5.282
5.461
5.401
5.778
6.195
6.136
5.659
5.679
5.798
5.659
5.361
5.659
5.302
5.639
5.381
5.342
5.381
5.381
5.6
5.381
5.381
5.481
5.5
5.719
5.461
6.116
6.037
5.778
5.401
5.401
5.639
5.659
5.322
5.699
5.679
5.659
5.302
5.322
5.639
5.203
5.322
5.262
5.361
5.54
5.242
5.56
6.156
6.037
5.62
5.302
5.421
5.361
5.838
5.639
5.262
5.342
5.361
5.361
5.481
5.222
5.441
5.322
5.54
5.778
5.342
5.302
5.342
6.076
5.064
5.818
5.481
5.5
5.58
5.679
5.639
5.282
5.421
5.481
5.58
5.262
5.302
5.401
5.5
5.302
5.302
5.322
5.183
5.56
5.52
6.056
5.917
5.361
5.58
5.302
5.58
5.858
5.5
5.52
5.064
5.282
5.441
5.222
5.58
5.282
5.401
5.302
5.361
5.441
5.123
5.5
6.176
5.778
5.52
5.5
5.421
5.461
6.017
5.54
5.024
5.401
5.282
5.719
5.203
5.401
5.381
5.302
5.5
5.183
5.123
5.163
5.6
6.116
5.838
5.679
5.56
5.461
5.342
5.818
5.441
5.262
5.342
5.361
5.6
5.322
5.401
5.282
5.659
5.262
5.163
5.361
5.441
3.833
6.156
5.957
5.56
