674568 6.434 101
1143018 10.901 101
1317906 12.569 101
1367874 13.046 101
1013934 9.67 101
1059738 10.107 101
1207560 11.517 101
1372038 13.085 101
1232544 11.755 101
1272102 12.132 101
1111788 10.603 101
849456 8.102 101
1240872 11.834 101
1297086 12.37 101
1238790 11.815 101
1207560 11.517 101
1197150 11.417 101
1236708 11.795 101
1232544 11.755 101
1301250 12.41 101
1242954 11.854 101
1255446 11.973 101
422646 4.031 101
1261692 12.033 101
920244 8.777 101
1215888 11.596 101
1220052 11.636 101
1230462 11.735 101
1251282 11.934 101
1234626 11.775 101
1297086 12.37 101
1307496 12.47 101
1238790 11.815 101
1274184 12.152 101
1238790 11.815 101
1236708 11.795 101
1242954 11.854 101
1247118 11.894 101
1263774 12.053 101
1226298 11.695 101
1276266 12.172 101
1263774 12.053 101
1224216 11.676 101
1259610 12.013 101
1220052 11.636 101
1207560 11.517 101
1236708 11.795 101
1253364 11.954 101
1286676 12.271 101
1222134 11.656 101
1292922 12.331 101
1242954 11.854 101
1245036 11.874 101
1255446 11.973 101
1232544 11.755 101
1249200 11.914 101
1220052 11.636 101
1226298 11.695 101
1253364 11.954 101
1251282 11.934 101
1238790 11.815 101
1330398 12.688 101
1307496 12.47 101
1272102 12.132 101
1270020 12.112 101
1230462 11.735 101
1228380 11.715 101
1220052 11.636 101
1238790 11.815 101
1222134 11.656 101
1230462 11.735 101
1267938 12.092 101
1251282 11.934 101
1226298 11.695 101
1247118 11.894 101
1211724 11.556 101
1251282 11.934 101
1222134 11.656 101
1228380 11.715 101
1001442 9.551 101
1055574 10.067 101
1226298 11.695 101
1317906 12.569 101
1234626 11.775 101
1199232 11.437 101
1245036 11.874 101
1251282 11.934 101
826554 7.883 101
